 prof                                                                                                
 1437
    0.1237E+02    0.1066E+01    0.7463E+01    0.6183E+01    0.2559E+01    0.9808E+01    0.4051E+01    0.4051E+01    0.2559E+01    0.8742E+01
    0.2772E+01    0.1493E+01    0.4904E+01    0.2985E+01    0.8742E+01    0.4478E+01    0.4051E+01    0.6183E+01    0.2772E+01    0.2772E+01
    0.2137E+01    0.0000E+00    0.4274E+00    0.1282E+01    0.6410E+00    0.1496E+01    0.2137E+00    0.2137E+00    0.2137E+00    0.1496E+01
    0.8547E+00    0.0000E+00    0.0000E+00    0.2137E+00    0.1068E+01    0.2137E+00    0.6410E+00    0.6410E+00    0.0000E+00    0.6410E+00
    0.0000E+00    0.0000E+00    0.2137E+00    0.0000E+00    0.0000E+00    0.4274E+00    0.0000E+00    0.0000E+00    0.0000E+00    0.0000E+00
    0.0000E+00    0.0000E+00    0.2137E+00    0.0000E+00    0.0000E+00    0.2137E+00    0.0000E+00    0.0000E+00    0.0000E+00    0.0000E+00
    0.6410E+00    0.0000E+00    0.6410E+00    0.4274E+00    0.6410E+00    0.6410E+00    0.2137E+00    0.6410E+00    0.2137E+00    0.4274E+00
    0.0000E+00    0.0000E+00    0.4274E+00    0.4274E+00    0.2137E+00    0.0000E+00    0.6410E+00    0.1282E+01    0.0000E+00    0.0000E+00
    0.2137E+00    0.2137E+00    0.4274E+00    0.0000E+00    0.4274E+00    0.4274E+00    0.0000E+00    0.6410E+00    0.6410E+00    0.4274E+00
    0.2137E+00    0.2137E+00    0.4274E+00    0.2137E+00    0.4274E+00    0.2137E+00    0.4274E+00    0.2137E+00    0.2137E+00    0.2137E+00
    0.4274E+00    0.0000E+00    0.6410E+00    0.0000E+00    0.0000E+00    0.0000E+00    0.0000E+00    0.2137E+00    0.0000E+00    0.2137E+00
    0.0000E+00    0.0000E+00    0.2137E+00    0.0000E+00    0.0000E+00    0.2137E+00    0.4274E+00    0.2137E+00    0.0000E+00    0.0000E+00
    0.6410E+00    0.2137E+00    0.1068E+01    0.8547E+00    0.2137E+00    0.1068E+01    0.1068E+01    0.4274E+00    0.2137E+00    0.4274E+00
    0.2137E+00    0.4274E+00    0.4274E+00    0.2137E+00    0.8547E+00    0.2137E+00    0.0000E+00    0.6410E+00    0.4274E+00    0.2137E+00
    0.2137E+00    0.2137E+00    0.4274E+00    0.4274E+00    0.0000E+00    0.0000E+00    0.4274E+00    0.4274E+00    0.2137E+00    0.2137E+00
    0.0000E+00    0.2137E+00    0.0000E+00    0.2137E+00    0.2137E+00    0.0000E+00    0.0000E+00    0.6410E+00    0.0000E+00    0.2137E+00
    0.4274E+00    0.0000E+00    0.2137E+00    0.8547E+00    0.0000E+00    0.2137E+00    0.4274E+00    0.0000E+00    0.0000E+00    0.6410E+00
    0.0000E+00    0.0000E+00    0.0000E+00    0.2137E+00    0.6410E+00    0.0000E+00    0.2137E+00    0.0000E+00    0.0000E+00    0.2137E+00
    0.6410E+00    0.0000E+00    0.0000E+00    0.0000E+00    0.0000E+00    0.2137E+00    0.0000E+00    0.4274E+00    0.0000E+00    0.0000E+00
    0.2137E+00    0.0000E+00    0.2137E+00    0.0000E+00    0.4274E+00    0.2137E+00    0.0000E+00    0.0000E+00    0.0000E+00    0.0000E+00
    0.1068E+01    0.2137E+00    0.8547E+00    0.6410E+00    0.0000E+00    0.1068E+01    0.6410E+00    0.2137E+00    0.2137E+00    0.4274E+00
    0.0000E+00    0.0000E+00    0.4274E+00    0.4274E+00    0.1068E+01    0.8547E+00    0.0000E+00    0.4274E+00    0.2137E+00    0.0000E+00
    0.2137E+00    0.0000E+00    0.2137E+00    0.0000E+00    0.0000E+00    0.4274E+00    0.0000E+00    0.4274E+00    0.0000E+00    0.4274E+00
    0.2137E+00    0.0000E+00    0.2137E+00    0.2137E+00    0.0000E+00    0.2137E+00    0.2137E+00    0.0000E+00    0.0000E+00    0.0000E+00
    0.0000E+00    0.0000E+00    0.0000E+00    0.2137E+00    0.0000E+00    0.2137E+00    0.0000E+00    0.0000E+00    0.0000E+00    0.0000E+00
    0.0000E+00    0.0000E+00    0.0000E+00    0.0000E+00    0.4274E+00    0.0000E+00    0.0000E+00    0.4274E+00    0.2137E+00    0.0000E+00
    0.4274E+00    0.0000E+00    0.0000E+00    0.4274E+00    0.0000E+00    0.8547E+00    0.4274E+00    0.2137E+00    0.0000E+00    0.4274E+00
    0.0000E+00    0.0000E+00    0.2137E+00    0.2137E+00    0.4274E+00    0.4274E+00    0.4274E+00    0.0000E+00    0.4274E+00    0.0000E+00
    0.4274E+00    0.0000E+00    0.2137E+00    0.0000E+00    0.0000E+00    0.4274E+00    0.0000E+00    0.0000E+00    0.0000E+00    0.2137E+00
    0.2137E+00    0.2137E+00    0.0000E+00    0.0000E+00    0.8547E+00    0.2137E+00    0.0000E+00    0.0000E+00    0.2137E+00    0.0000E+00
    0.1709E+01    0.0000E+00    0.8547E+00    0.4274E+00    0.2137E+00    0.6410E+00    0.0000E+00    0.0000E+00    0.0000E+00    0.8547E+00
    0.0000E+00    0.4274E+00    0.8547E+00    0.0000E+00    0.2137E+00    0.8547E+00    0.2137E+00    0.6410E+00    0.4274E+00    0.4274E+00
    0.1282E+01    0.0000E+00    0.0000E+00    0.2137E+00    0.0000E+00    0.4274E+00    0.0000E+00    0.2137E+00    0.2137E+00    0.4274E+00
    0.4274E+00    0.0000E+00    0.0000E+00    0.0000E+00    0.4274E+00    0.0000E+00    0.0000E+00    0.2137E+00    0.2137E+00    0.4274E+00
    0.8547E+00    0.0000E+00    0.6410E+00    0.0000E+00    0.0000E+00    0.4274E+00    0.2137E+00    0.0000E+00    0.2137E+00    0.2137E+00
    0.2137E+00    0.0000E+00    0.4274E+00    0.2137E+00    0.2137E+00    0.2137E+00    0.0000E+00    0.2137E+00    0.0000E+00    0.0000E+00
    0.6410E+00    0.2137E+00    0.2137E+00    0.0000E+00    0.2137E+00    0.4274E+00    0.2137E+00    0.0000E+00    0.2137E+00    0.8547E+00
    0.0000E+00    0.0000E+00    0.4274E+00    0.4274E+00    0.1068E+01    0.2137E+00    0.6410E+00    0.2137E+00    0.0000E+00    0.2137E+00
    0.4274E+00    0.0000E+00    0.0000E+00    0.4274E+00    0.0000E+00    0.2137E+00    0.2137E+00    0.0000E+00    0.2137E+00    0.4274E+00
    0.0000E+00    0.0000E+00    0.2137E+00    0.0000E+00    0.0000E+00    0.2137E+00    0.0000E+00    0.2137E+00    0.2137E+00    0.0000E+00
    0.0000E+00    0.0000E+00    0.4274E+00    0.0000E+00    0.2137E+00    0.2137E+00    0.0000E+00    0.0000E+00    0.0000E+00    0.6410E+00
    0.0000E+00    0.0000E+00    0.2137E+00    0.0000E+00    0.2137E+00    0.0000E+00    0.2137E+00    0.2137E+00    0.2137E+00    0.2137E+00
   -0.7417E-02   -0.1308E-01    0.1540E+00    0.5790E-01    0.2612E-01    0.8810E-01    0.1210E+00    0.2398E-01    0.1192E+00    0.1633E-01
    0.2976E-01    0.8092E-01    0.1948E+00    0.8531E-01    0.6506E-02    0.1081E+00    0.2116E-01    0.3946E-01    0.7314E-01    0.1101E+00
    0.7794E-01   -0.3622E-01    0.2043E+00    0.2547E-01    0.4836E-01    0.1330E+00    0.8605E-01    0.7835E-01    0.1376E+00    0.3714E-01
   -0.1223E-01    0.6720E-02    0.2558E-01    0.1022E-01   -0.6162E-02    0.1657E-01   -0.3524E-01   -0.2551E-01    0.1520E-01    0.4716E-01
    0.7323E-01   -0.1118E-02    0.4239E-02    0.2392E-01   -0.7464E-02    0.4262E-02   -0.1573E-01    0.1883E-01    0.2219E-02   -0.3809E-02
    0.6854E-01    0.7281E-01    0.3154E-01    0.6408E-01   -0.1763E-01    0.6505E-01    0.2870E-01   -0.6861E-01   -0.2856E-02   -0.2427E-02
   -0.3617E-02   -0.1066E+00   -0.4532E-02    0.4917E-01   -0.2892E-01   -0.5617E-01   -0.1434E-03    0.5884E-01    0.3047E-01   -0.1643E-01
   -0.3825E-01   -0.2234E-01   -0.6617E-02    0.8892E-02   -0.9089E-02   -0.1082E-01   -0.1211E+00    0.1452E-01    0.1902E-01    0.1829E-01
   -0.5307E-02    0.7877E-01    0.2753E-01    0.4526E-02    0.7528E-01    0.8215E-01    0.7985E-01    0.1569E-01    0.5450E-02   -0.4889E-01
   -0.8656E-01   -0.9223E-01    0.7243E-01   -0.2258E-01   -0.5338E-01    0.8796E-02    0.4244E-01   -0.5475E-01    0.3985E-01   -0.6356E-01
   -0.5140E-01    0.5483E-03    0.1131E+00    0.3878E-02   -0.7381E-01    0.2748E-01   -0.5826E-01   -0.3910E-01   -0.6384E-02    0.3066E-01
    0.5546E-03   -0.1136E+00    0.1267E+00   -0.5176E-01   -0.2872E-01    0.5658E-01    0.1001E-01    0.3262E-02    0.6303E-01   -0.3605E-01
   -0.4146E-01   -0.1746E-01    0.6046E-02   -0.1225E-01   -0.3180E-01   -0.4122E-02   -0.6822E-01   -0.5576E-01   -0.7057E-02    0.3266E-01
    0.6428E-01   -0.2600E-01   -0.1910E-01    0.5282E-02   -0.3236E-01   -0.1799E-01   -0.4229E-01   -0.2561E-04   -0.1995E-01   -0.2856E-01
    0.6027E-01    0.6510E-01    0.1437E-01    0.5423E-01   -0.4673E-01    0.5511E-01    0.1113E-01   -0.1082E+00   -0.2786E-01   -0.2780E-01
   -0.4787E-02   -0.1024E+00   -0.5859E-02    0.4492E-01   -0.2906E-01   -0.5476E-01   -0.1303E-02    0.5450E-01    0.2780E-01   -0.1676E-01
   -0.3755E-01   -0.2253E-01   -0.7675E-02    0.7120E-02   -0.9974E-02   -0.1169E-01   -0.1162E+00    0.1226E-01    0.1634E-01    0.1582E-01
   -0.6580E-02    0.7309E-01    0.2468E-01    0.2734E-02    0.6993E-01    0.7634E-01    0.7403E-01    0.1319E-01    0.3526E-02   -0.4798E-01
    0.1086E+01    0.1094E+01    0.9257E+00    0.1020E+01    0.1051E+01    0.9902E+00    0.9577E+00    0.1056E+01    0.9615E+00    0.1065E+01
    0.1052E+01    0.1000E+01    0.8871E+00    0.9983E+00    0.1076E+01    0.9709E+00    0.1056E+01    0.1036E+01    0.1003E+01    0.9634E+00
    0.9903E+00    0.1106E+01    0.8681E+00    0.1048E+01    0.1027E+01    0.9415E+00    0.9862E+00    0.9923E+00    0.9317E+00    0.1030E+01
    0.1041E+01    0.1016E+01    0.9944E+00    0.1013E+01    0.1034E+01    0.1007E+01    0.1071E+01    0.1060E+01    0.1006E+01    0.9667E+00
    0.9346E+00    0.1024E+01    0.1019E+01    0.9965E+00    0.1033E+01    0.1021E+01    0.1045E+01    0.1005E+01    0.1026E+01    0.1030E+01
    0.9422E+00    0.9371E+00    0.9889E+00    0.9510E+00    0.1051E+01    0.9498E+00    0.9944E+00    0.1115E+01    0.1032E+01    0.1030E+01
    0.9981E+00    0.1098E+01    0.1001E+01    0.9515E+00    0.1027E+01    0.1049E+01    0.9868E+00    0.9326E+00    0.9560E+00    0.1001E+01
    0.1023E+01    0.1010E+01    0.9952E+00    0.9818E+00    0.1001E+01    0.1003E+01    0.1110E+01    0.9832E+00    0.9790E+00    0.9796E+00
    0.1004E+01    0.9261E+00    0.9705E+00    0.9928E+00    0.9223E+00    0.9172E+00    0.9206E+00    0.9829E+00    0.9941E+00    0.1046E+01
    0.2942E+02    0.4243E+02    0.2814E+02    0.2415E+02    0.1838E+02    0.2543E+02    0.6397E+00    0.4264E+00    0.2132E+00    0.2814E+02
    0.2431E+02    0.1983E+02    0.5501E+02    0.4648E+02    0.4904E+02    0.8038E+02    0.7186E+02    0.7143E+02    0.1000E+03    0.9979E+02
    0.9893E+02    0.4414E+02    0.2964E+02    0.2623E+02    0.2521E+02    0.2479E+02    0.1795E+02    0.4264E+00    0.1493E+01    0.2132E+00
    0.2431E+02    0.2623E+02    0.2154E+02    0.4861E+02    0.5181E+02    0.4648E+02    0.7548E+02    0.7740E+02    0.6716E+02    0.9979E+02
    0.9893E+02    0.1000E+03    0.3092E+02    0.3561E+02    0.3348E+02    0.2265E+02    0.2286E+02    0.2308E+02    0.2132E+00    0.4264E+00
    0.6397E+00    0.2154E+02    0.2431E+02    0.2793E+02    0.4797E+02    0.4712E+02    0.5181E+02    0.6908E+02    0.7377E+02    0.7846E+02
    0.9893E+02    0.9979E+02    0.1000E+03    0.3817E+02    0.3561E+02    0.2623E+02    0.2650E+02    0.2137E+02    0.2137E+02    0.4264E+00
    0.1493E+01    0.2132E+00    0.2431E+02    0.2495E+02    0.2154E+02    0.5160E+02    0.5075E+02    0.4648E+02    0.7825E+02    0.7569E+02
    0.6716E+02    0.9979E+02    0.9893E+02    0.1000E+03    0.1130E+02    0.7505E+02    0.1365E+02    0.1838E+02    0.2778E+01    0.2158E+02
    0.8529E+00    0.2132E+00    0.6397E+00    0.1876E+02    0.2431E+02    0.3092E+02    0.5224E+02    0.4883E+02    0.5309E+02    0.7761E+02
    0.7271E+02    0.7996E+02    0.1000E+03    0.9979E+02    0.9957E+02    0.4840E+02    0.2345E+02    0.2814E+02    0.2286E+02    0.2714E+02
    0.1517E+02    0.2132E+00    0.4264E+00    0.6397E+00    0.2516E+02    0.1919E+02    0.3070E+02    0.5373E+02    0.4179E+02    0.4925E+02
    0.7783E+02    0.6780E+02    0.7463E+02    0.1000E+03    0.9979E+02    0.9957E+02    0.4755E+02    0.2942E+02    0.2303E+02    0.3034E+02
    0.2265E+02    0.1218E+02    0.1066E+01    0.6397E+00    0.2132E+00    0.2132E+02    0.2814E+02    0.2601E+02    0.4840E+02    0.5501E+02
    0.4648E+02    0.7527E+02    0.8038E+02    0.6525E+02    0.9936E+02    0.1000E+03    0.9979E+02    0.4691E+02    0.1834E+02    0.3475E+02
    0.1645E+02    0.3355E+02    0.1453E+02    0.6397E+00    0.4264E+00    0.2132E+00    0.2452E+02    0.3006E+02    0.2239E+02    0.5160E+02
    0.5203E+02    0.4670E+02    0.7846E+02    0.7505E+02    0.6908E+02    0.9957E+02    0.1000E+03    0.9893E+02    0.2665E+02    0.5650E+02
    0.1684E+02    0.2842E+02    0.1004E+02    0.1902E+02    0.1066E+01    0.2132E+00    0.8529E+00    0.2537E+02    0.2601E+02    0.1940E+02
    0.5203E+02    0.5011E+02    0.4414E+02    0.7633E+02    0.7527E+02    0.6887E+02    0.9936E+02    0.1000E+03    0.9829E+02    0.3859E+02
    0.5117E+02    0.1023E+02    0.4017E+02    0.7479E+01    0.1047E+02    0.4264E+00    0.2132E+00    0.6397E+00    0.2196E+02    0.2665E+02
    0.2324E+02    0.4861E+02    0.5032E+02    0.4776E+02    0.7761E+02    0.7356E+02    0.7441E+02    0.1000E+03    0.9893E+02    0.9957E+02
    0.1983E+02    0.2772E+02    0.5245E+02    0.1026E+02    0.2158E+02    0.3162E+02    0.8529E+00    0.4264E+00    0.2132E+00    0.2601E+02
    0.2729E+02    0.2303E+02    0.5096E+02    0.5075E+02    0.4883E+02    0.7719E+02    0.7463E+02    0.7335E+02    0.1000E+03    0.9979E+02
    0.9936E+02    0.3092E+02    0.1663E+02    0.5245E+02    0.9188E+01    0.3483E+02    0.1838E+02    0.6397E+00    0.4264E+00    0.2132E+00
    0.2729E+02    0.2559E+02    0.2303E+02    0.5181E+02    0.4520E+02    0.4883E+02    0.7846E+02    0.6567E+02    0.7335E+02    0.9957E+02
    0.1000E+03    0.9936E+02    0.3348E+02    0.4563E+02    0.2090E+02    0.3056E+02    0.1538E+02    0.1902E+02    0.6397E+00    0.4264E+00
    0.2132E+00    0.2793E+02    0.2388E+02    0.2154E+02    0.5181E+02    0.4712E+02    0.4904E+02    0.7846E+02    0.7186E+02    0.7313E+02
    0.1000E+03    0.9979E+02    0.9893E+02    0.2751E+02    0.5181E+02    0.2068E+02    0.2821E+02    0.1218E+02    0.2179E+02    0.3198E+01
    0.4264E+00    0.2132E+00    0.3369E+02    0.2047E+02    0.2367E+02    0.5203E+02    0.4776E+02    0.4904E+02    0.7804E+02    0.7569E+02
    0.6759E+02    0.1000E+03    0.9979E+02    0.9893E+02    0.3881E+02    0.4520E+02    0.1599E+02    0.3440E+02    0.1368E+02    0.1368E+02
    0.6397E+00    0.2132E+00    0.1493E+01    0.2260E+02    0.2729E+02    0.1535E+02    0.4648E+02    0.5181E+02    0.5458E+02    0.7420E+02
    0.7591E+02    0.7484E+02    0.1000E+03    0.9979E+02    0.9893E+02    0.3603E+02    0.5117E+02    0.1279E+02    0.3910E+02    0.8547E+01
    0.1175E+02    0.2132E+00    0.4264E+00    0.6397E+01    0.2495E+02    0.2345E+02    0.2729E+02    0.4776E+02    0.5160E+02    0.4797E+02
    0.7228E+02    0.7591E+02    0.7676E+02    0.9957E+02    0.9979E+02    0.1000E+03    0.3689E+02    0.5437E+02    0.8742E+01    0.4038E+02
    0.7692E+01    0.7906E+01    0.4264E+00    0.6397E+00    0.2132E+00    0.2878E+02    0.2196E+02    0.2687E+02    0.5096E+02    0.4989E+02
    0.4712E+02    0.7249E+02    0.7633E+02    0.6439E+02    0.1000E+03    0.9957E+02    0.9787E+02    0.4094E+02    0.4648E+02    0.1258E+02
    0.3996E+02    0.1068E+02    0.1175E+02    0.4264E+00    0.6397E+00    0.2132E+00    0.2814E+02    0.2217E+02    0.2687E+02    0.4883E+02
    0.4797E+02    0.5714E+02    0.7186E+02    0.7548E+02    0.7484E+02    0.1000E+03    0.9957E+02    0.9893E+02    0.2090E+02    0.4797E+02
    0.3113E+02    0.2308E+02    0.1239E+02    0.3034E+02    0.2132E+00    0.1493E+01    0.4264E+00    0.2516E+02    0.2580E+02    0.2281E+02
    0.4904E+02    0.4861E+02    0.5245E+02    0.6759E+02    0.7271E+02    0.7932E+02    0.1000E+03    0.9936E+02    0.9979E+02    0.3795E+02
    0.3241E+02    0.2964E+02    0.2543E+02    0.2244E+02    0.2030E+02    0.2132E+00    0.4264E+00    0.6397E+00    0.2814E+02    0.2196E+02
    0.2367E+02    0.4861E+02    0.4755E+02    0.5458E+02    0.6930E+02    0.7569E+02    0.7740E+02    0.1000E+03    0.9979E+02    0.9957E+02
    0.2559E+02    0.6247E+02    0.1194E+02    0.3248E+02    0.6410E+01    0.1667E+02    0.2132E+00    0.6397E+00    0.4264E+00    0.2814E+02
    0.2409E+02    0.1940E+02    0.5224E+02    0.5011E+02    0.4179E+02    0.7505E+02    0.7463E+02    0.7249E+02    0.1000E+03    0.9957E+02
    0.9979E+02    0.1322E+02    0.4414E+02    0.4264E+02    0.1090E+02    0.1175E+02    0.4145E+02    0.2132E+01    0.2132E+00    0.6397E+00
    0.2068E+02    0.2580E+02    0.2452E+02    0.4414E+02    0.5203E+02    0.5160E+02    0.6226E+02    0.7612E+02    0.7740E+02    0.9829E+02
    0.9979E+02    0.1000E+03    0.1599E+02    0.4627E+02    0.3774E+02    0.1688E+02    0.1068E+02    0.3611E+02    0.2132E+00    0.4264E+00
    0.8529E+00    0.2239E+02    0.2431E+02    0.2473E+02    0.4563E+02    0.4968E+02    0.5181E+02    0.6247E+02    0.7569E+02    0.7783E+02
    0.9829E+02    0.9979E+02    0.1000E+03    0.2921E+02    0.2473E+02    0.4606E+02    0.1432E+02    0.3013E+02    0.2372E+02    0.6397E+00
    0.2132E+00    0.1066E+01    0.2516E+02    0.2878E+02    0.2281E+02    0.5032E+02    0.5181E+02    0.4861E+02    0.7463E+02    0.7143E+02
    0.7548E+02    0.9957E+02    0.1000E+03    0.9936E+02    0.1926E+03    0.1815E+03    0.1811E+03    0.1794E+03    0.1901E+03    0.1825E+03
    0.1867E+03    0.1861E+03    0.1806E+03    0.1854E+03    0.1797E+03    0.1779E+03    0.1835E+03    0.1701E+03    0.1765E+03    0.1768E+03
    0.1772E+03    0.1725E+03    0.1870E+03    0.1758E+03    0.1635E+03    0.1769E+03    0.1657E+03    0.1713E+03    0.1816E+03    0.1725E+03
    0.1638E+03    0.1810E+03    0.1680E+03    0.1716E+03    0.2312E-03    0.1993E-04    0.1395E-03    0.1156E-03    0.4783E-04    0.1834E-03
    0.7574E-04    0.7574E-04    0.4783E-04    0.1634E-03    0.5182E-04    0.2790E-04    0.9168E-04    0.5581E-04    0.1634E-03    0.8371E-04
    0.7574E-04    0.1156E-03    0.5182E-04    0.5182E-04    0.3602E-01    0.3392E-01    0.3386E-01    0.3354E-01    0.3554E-01    0.3412E-01
    0.3491E-01    0.3479E-01    0.3376E-01    0.3466E-01    0.3360E-01    0.3326E-01    0.3430E-01    0.3179E-01    0.3301E-01    0.3306E-01
    0.3313E-01    0.3225E-01    0.3496E-01    0.3287E-01    0.3057E-01    0.3307E-01    0.3098E-01    0.3202E-01    0.3395E-01    0.3224E-01
    0.3063E-01    0.3384E-01    0.3140E-01    0.3209E-01    0.1053E+03    0.1039E+03    0.9899E+02    0.1008E+03    0.1044E+03    0.1022E+03
    0.9954E+02    0.1012E+03    0.9633E+02    0.9867E+02    0.1005E+03    0.9999E+02    0.1020E+03    0.9759E+02    0.9744E+02    0.9786E+02
    0.9879E+02    0.9482E+02    0.1012E+03    0.9980E+02    0.9452E+02    0.9328E+02    0.9096E+02    0.9424E+02    0.1008E+03    0.9444E+02
    0.8836E+02    0.9921E+02    0.8956E+02    0.9292E+02    0.4193E-03    0.2964E-03    0.5060E-04    0.2530E-03    0.3614E-04    0.1012E-03
    0.2096E-03    0.3325E-03    0.1373E-03    0.1373E-03    0.2964E-03    0.8674E-04    0.9397E-04    0.8674E-04    0.1663E-03    0.1518E-03
    0.1373E-03    0.9397E-04    0.9397E-04    0.2096E-03    0.3570E-01    0.3524E-01    0.3356E-01    0.3417E-01    0.3540E-01    0.3465E-01
    0.3375E-01    0.3432E-01    0.3266E-01    0.3345E-01    0.3406E-01    0.3390E-01    0.3458E-01    0.3309E-01    0.3303E-01    0.3318E-01
    0.3349E-01    0.3215E-01    0.3430E-01    0.3383E-01    0.3204E-01    0.3163E-01    0.3084E-01    0.3195E-01    0.3416E-01    0.3202E-01
    0.2996E-01    0.3363E-01    0.3036E-01    0.3150E-01    0.1202E+00    0.8494E-01    0.1450E-01    0.7251E-01    0.1036E-01    0.2900E-01
    0.6008E-01    0.9530E-01    0.3936E-01    0.3936E-01    0.8494E-01    0.2486E-01    0.2693E-01    0.2486E-01    0.4765E-01    0.4350E-01
    0.3936E-01    0.2693E-01    0.2693E-01    0.6008E-01   -0.2327E-02   -0.4724E-02   -0.4062E-03    0.8805E-03    0.2936E-02   -0.1229E-02
    0.1803E-02    0.2520E-02   -0.1191E-02   -0.3124E-02    0.1445E-02    0.5234E-03   -0.4214E-03   -0.1972E-02    0.1228E-03   -0.1201E-02
    0.6857E-03    0.8755E-04    0.6247E-03   -0.2371E-02    0.2998E-02   -0.4949E-02    0.1954E-02   -0.1746E-05   -0.1374E-02   -0.1481E-02
    0.3405E-02    0.6512E-02   -0.1709E-03   -0.7988E-03    0.6361E-03   -0.2033E-02    0.7197E-03   -0.7834E-03    0.4128E-02    0.8481E-03
   -0.3904E-02   -0.4774E-02    0.2314E-02    0.3973E-02    0.5725E-02    0.2826E-02    0.2893E-02   -0.5256E-03    0.3153E-02    0.2860E-02
    0.2883E-02    0.5076E-03   -0.1374E-02   -0.2204E-02    0.3291E-02    0.4011E-02    0.5263E-02    0.2394E-02   -0.1386E-02   -0.4474E-02
    0.2735E-02    0.3669E-02    0.1818E-03   -0.3917E-02    0.2301E+03    0.1557E+03    0.1519E+03
